16
891459497165015434921
61041617078625266690929894513130794386537345649225822843759777094829928208
715381775748457856180376050344750725057718525562030142406494105153045962085676176679100652511
96519411809214
20415304305225178228725939200538722122351547041573407099464326
390587995104884353836626389840407313118343239384982781927336574646035561454826677691586995
94238466841956847323220623523232179805147114842708492903830
4725384239525868514
7599486413407802235987992326660031846463815332783150
58044992340620145414312373302493576860165552685971642905
13528737503315457409632085880856498962791128501275976968694808662035
56106994761313824299685363839641153170565301018344852754512
53642825938415408529787310879816480398826442413
64788931302652092528803473187373591940177411055747796692603
9902387323588653953249743
26637040272238519612215476321245888271173
