15
94365508407116686627003982646754093
975444418514978706751245340747086086259505846482572499446484780638891282452364663991178497855742
710852001153101429747692604101
7383921613506335394031857408054810137981405021
50269138428787173343459005297305233181340582994896968029713894301423954
31920354832427181904234461795667808973539035099867703275736818148745967733
361703668573320955225571671736163078381364108619
6956236665
90435192550178237181984220454111106101866487358299309569835496716013473363291605088
3889299881228011858814092177724745084029649783
6013837853725575576637884798274
57321811812112807157762237699314765603628271939766677940594553191597
9
4266048364
36616832389645397165128462681050816521746849216359691699988015173405079880967125366904
