9
517979913987653222372453
9372887005924318129013421725937028561903925420833993800950906258167323
4305909274478858001
33446507384415622935627698270434591208897431603313862691033675326144
93386164975230173862088184920021194963656236968852112735865019238984583322399553378330712
4386362475287
7933585171143523390626180451006687632344982190035107469921924726469526366570558419805266171411
738250912797346502197
885994403988744646809633855900260985957743777517988938132141310483553885696311284891
