11
56476124345903116562770886516274888985700294068430993462603900294130363189839381463679892
29378274968625840745538052235218137392636566338005400400307158654303008656215359272368080
834869621761844715478035079085282903751477
6185445639500526244708434687263060846380485528839547659401841067801
77461178342691688274458868945004869340986299462887438225944744517285784837001689495
49
64743111788092444465483366019112711002739430502094025660729847523022324755395579374909531844
2235123910362277997048727991404398918398150455627658176713937
9420017673709984780463080
9637637342296483795982746591842875245
1036112823
