12
247304350847884299305249590200227513751759
5113850203537
865572393002989156380770689409556450924325764441701955284752749408626898589437511611391469
236003996964145869571204551584055307791227
424801687954284940343862947071503727595529264587832146637543994473464154742257756209270526861986
2896343130383692531752912
11385177934202077348427744991608380303149107428884647040750296925921894222169738
280070782343665949310871261432736898476259659964146
86988256647902902950684179257649088591098008966108
27505902073143219317022664765818157301413460
271635420943356657300991057161878691205592210446507998719749592531738854072241856007330386486402147
673797151880954587761089556103380504375861223300109215677253269671575840723
