13
8671999433
5
90495346530370899616615007526917221763575324425589079253156865445170410770876
316868692668719509572354934423552950530867429491
2042266879378258619022984935515756111782371758843458527496374624967218513367109196984797495598752173
1909846296988261825797968846442154460135205471565997438062210228691618622842374165465165165165165151
126604483437
6047607
7240890
3803602798361773712103981157854904176548
9775166944855857401196803787123170491168140805115235514250376550893299046332991441903
3169332693043252515765856373031228211448905545561149160032
37131873232264731461813073277224131918440266313803232906133695
