12
177743693480079754834572043701484942230762566
534540661290351226708872802593831000706264667436526733007942849176859302969645693178976045282257
94657797426719290434316993401357719489869774463221086577872306851181702596598874182775567
604581576386874
217432504160518829490957621151858688897329150274322
8629940086628414949954686479026065
1489380088089158585014265606330211161559479717007291310902
4916237066656552804241484063009385313105924651085924627080216826812499829422221102422660989
4453539461294463963104091139168244735259619228052327194682992534733297067425538882448177
8202376532509112544318144220362506920
825152445307556712988950207482197541878175378799517955722
619505085973517312072997
