11
824309176592
5614617707545239445431285499558906478549268486499470
86340501292820349773633942863313181141146311604829698223754076186
3800121349715643944730068625912083170705947004083898876982191257426870807841939309679829
511209045540874489058390455274995819084754115276677212682445846022598452439
72069969021138152545515176936863761940506563461522562234814209616068668633321969543486664988781597
938658883198053430941064125149616119
736034037615682
898290996495538519073
5683538755577693735211767807675254514546936068465806205005959347766476291506747609450667556
9504063733627447351194399095207025389943945583222631995860
