20
29137830701545830050335499437782739
34609718944312946600071836531698382064292338050370628128021704584918916949580085369740
77482711249922174625301
83535481027027546299789707348929441944242451232811
29911607613890356333997996644168006012023418328380412596819248848389106733683686473127164119972105
2174765573511801073204448323740221594159651966021278533178568827639736139755620843857507
71970852930071017182889712047796489524698314690349841849679534208912969212361225443038
110335836604
38992864825578605077826736154
3711536685750014714
2647089846111328449228682968994277896282994419493374271069423857347455462983777215059833
39942149083504987448133883753838359700408924692192565811124881127803
76749791354239017554642557941354911923846681520865780696414781102341764649540405492889
343222325345121495963802395364140662881
284006496629356788737203469
29376939405402831323
926606007402052961524569506025060193601315631727507
782366308963864109053216143797753
875117318677177787964976502910725601416535855730235572
1793202116932535742649104821748855852694149318582637436861587840749408912088247703218559294688999146
