19
814341859437500011828268069131880944003826290490569317545767897237607
364409795892890385077884560049991490984947327384116601488768547939315323760408300721923853625320207
83872
98904598889438858472040004457592828561519384
668312405590429
978838123760017291321670068551990504453711354044516768999813969
63681918749568127541050580724859237343115819686872626933737512175
173870423799215303673518502562363375132476589906684930946352622367966076440387727430009716
89283261689815951200366572814294403710815472817935873
58512312446659372427493900029430639652
741124778010598938904588709011863510373595797963257929059727381574830746765603564014330763520312
6734314319529034396618
431816670093
75290845966842719372565107889892592708930000857473713466524180658995367193063331459059571207
232730724332242236658527
101398349736545929563490374351855750093
8734436085072
43267943397080120960406062554297
12248772865492674633974748975531149636910141728565230731
