18
65920083805403172961686716702939633036181453670646
12882117196297504978755392988679890928150467196042161550319
56181084005590997605850956
42093394891794888368367487455
20933629726107859820530515572837128036915782
6025073971887238
204291852203718104020341377634020660277579663
9064362549633151561402763823286204
3018550602534011983702176279385552125737867711061093952432012897229063238910121240848793885363434297
4235
3079585698468870828521
498101463089763337647803443932644368499260224853712324616495
752782646733944633972979935263655299598379770567491636025662858727646481893068179534
12304770099450
3205
801357086317898562772196893273991433810755451937005475725460842430416572868
79939876262
828288771059668015464081828492191764980857569707322174190799670080097477
