17
732745625346915386241317128489862840579905975581243
63720006500233606981209023972938131751743206844155888072605240435398840561965878646314899
9901999843994298788760114248611538378549032663588688953
11440772657371772242076852759960391571193642904155
69291781053151295153387
513223908084509854600433
329568674493074135719887993675817544029233862
9879349224513833993692154517479414665915674299005671
38968135852109
28034609340388103812270255916619643968861470766814557443190134497109484
4093836374847818134029877277024616599969000929024132379299
470
330260515551270648327413150563044254686242264
76793238721574142826075574742222059
921333787224460679108082768743548118283893521289904550779000831793089
823280528433771898634287438
457620675367929024723408426611969
