100
1 19
1 18
1 22
5 6
5 5
2 13
2 3
1 16
6 14
5 9
5 1
4 19
4 9
5 12
3 10
4 5
6 22
3 21
2 15
3 17
5 2
1 22
1 8
1 8
6 14
4 22
6 17
3 10
6 14
6 21
1 23
2 23
3 17
3 10
3 17
5 5
3 6
6 13
3 17
1 22
4 15
4 3
6 6
1 4
1 16
3 2
4 12
3 4
1 23
5 19
1 16
2 23
2 16
2 15
5 10
5 12
5 16
6 4
4 22
4 19
6 16
1 9
4 2
3 1
6 4
4 13
4 5
2 22
3 21
5 6
6 13
4 9
2 22
4 23
3 5
2 18
3 21
3 2
4 15
1 1
5 20
1 1
5 18
5 3
3 23
5 6
2 8
1 2
3 15
2 9
5 9
2 8
1 10
2 6
1 4
2 20
5 1
6 19
3 19
2 2
