178
3 13
6 22
1 16
4 18
3 10
2 11
3 6
1 15
2 3
3 18
4 23
1 7
1 7
1 9
2 23
1 7
1 16
3 16
6 10
1 10
5 12
1 9
3 12
4 7
6 13
2 14
5 7
1 23
6 13
6 21
4 5
5 18
5 6
3 10
4 17
6 19
4 5
1 18
1 23
1 23
1 19
5 5
2 16
4 12
6 3
5 22
6 8
3 21
1 19
3 19
4 17
2 1
3 20
5 11
1 10
5 17
5 18
2 20
6 21
4 15
1 16
3 2
6 19
5 11
3 9
6 3
1 5
4 21
1 11
2 14
3 4
6 23
4 3
1 23
3 2
6 17
5 6
1 15
4 22
4 16
2 15
1 8
1 16
4 11
2 18
6 1
3 15
2 11
5 19
1 23
1 3
6 19
3 5
3 2
5 20
2 2
6 7
3 2
6 16
6 1
2 23
5 22
4 8
3 9
5 9
1 15
6 11
1 16
2 20
3 12
1 16
5 6
5 8
6 3
3 1
1 7
3 23
2 23
4 21
1 2
4 15
3 14
6 1
6 11
4 8
5 3
6 19
5 7
4 21
6 8
2 14
6 21
2 9
6 14
3 14
6 5
6 22
3 12
1 1
3 21
1 8
5 9
3 19
3 23
4 16
2 6
3 7
6 7
1 17
1 5
2 21
6 4
3 19
5 23
1 10
3 4
5 16
5 13
2 11
1 18
1 12
3 5
1 10
4 20
6 8
2 14
6 7
5 6
3 21
6 1
6 10
1 10
1 2
5 18
6 8
6 18
5 11
3 8
