366
4 6
6 2
2 4
2 13
5 22
3 15
5 20
4 10
4 8
1 21
5 3
3 16
5 21
5 19
6 3
5 8
6 16
2 23
6 5
1 23
3 11
5 15
6 7
1 17
1 11
4 10
1 13
1 11
1 19
1 1
4 20
6 12
6 19
1 20
4 4
5 15
5 3
2 2
6 14
2 19
2 19
1 23
6 7
1 2
1 14
6 10
4 22
4 5
1 20
6 16
6 8
1 12
5 10
5 16
3 4
6 7
4 2
6 10
1 12
1 13
5 21
4 1
5 7
2 1
3 7
1 3
1 20
3 16
1 1
2 8
6 16
5 2
1 22
3 16
4 3
3 5
3 23
1 6
5 1
1 9
2 18
3 14
5 17
1 13
3 22
2 12
3 21
1 19
3 20
1 17
1 16
6 6
6 12
1 21
4 5
3 7
2 1
1 3
2 18
5 13
2 3
3 10
2 14
3 11
5 11
5 6
6 19
1 20
6 19
2 23
2 8
3 14
1 20
3 18
1 16
2 19
4 23
3 13
4 5
1 10
1 15
6 13
1 11
6 16
3 22
2 10
6 18
4 21
4 16
2 23
2 9
6 19
3 18
2 20
3 22
5 7
1 3
4 16
2 15
5 11
6 13
3 22
1 11
2 12
2 23
5 22
3 7
2 1
1 7
3 20
1 4
3 6
4 2
1 8
1 17
2 15
5 18
3 19
5 11
3 9
3 6
4 1
3 22
3 16
2 6
4 14
3 4
2 4
4 23
5 15
6 22
4 23
1 16
3 11
2 2
6 11
3 15
1 19
2 19
6 14
5 11
1 13
2 19
1 22
3 1
1 13
1 2
5 14
2 8
4 5
2 16
6 5
5 1
3 1
5 4
1 18
5 15
3 19
2 21
4 8
2 2
1 15
6 20
5 16
4 5
1 12
4 2
2 5
1 15
3 9
2 6
4 7
3 23
1 8
1 19
5 2
5 10
3 14
3 1
1 16
4 20
6 11
4 23
6 13
3 1
6 6
5 9
3 6
1 15
5 19
3 8
2 9
3 13
3 1
4 9
4 20
6 8
3 19
2 12
6 23
4 10
3 16
5 1
2 18
3 19
2 7
5 6
4 2
4 18
4 23
4 16
2 10
1 22
5 16
5 3
4 8
4 5
2 12
6 22
1 23
6 6
3 19
1 2
5 21
6 2
4 18
4 2
6 21
5 20
1 22
1 14
5 21
5 13
1 3
4 2
6 19
6 23
6 4
1 11
1 6
2 1
3 11
3 2
6 13
6 7
6 2
3 4
5 23
4 4
5 10
2 11
5 15
3 13
1 18
4 13
5 21
4 2
3 3
5 5
5 2
1 3
2 23
6 1
6 23
2 10
5 2
2 18
6 17
4 12
1 1
4 7
3 19
6 18
3 20
6 16
4 15
2 1
5 4
1 1
6 11
1 1
3 18
6 17
6 7
5 11
3 21
2 17
2 13
1 6
4 9
1 9
3 8
5 23
5 14
2 10
4 4
5 14
2 21
5 10
6 8
5 11
2 16
4 8
5 19
5 5
3 14
2 5
1 3
3 21
2 10
5 10
2 4
2 15
3 19
4 6
3 15
4 19
5 2
6 11
4 12
6 2
2 20
1 19
5 1
5 20
2 23
