111
6 9
4 13
4 13
6 15
1 17
1 7
2 11
2 4
1 23
6 16
3 13
1 11
5 10
2 2
4 11
6 22
1 13
6 23
4 2
2 2
6 14
6 19
4 21
5 7
1 9
6 23
1 20
5 19
1 19
2 17
6 12
5 7
2 13
5 10
1 17
6 8
5 9
5 8
4 9
1 6
3 1
1 6
4 18
5 22
5 19
3 17
1 1
2 15
5 11
6 4
1 15
6 18
6 12
5 11
5 9
3 17
5 12
5 16
2 10
3 21
5 5
6 12
5 10
3 18
1 7
4 19
4 15
2 15
1 7
4 14
1 15
3 22
1 3
4 5
5 1
6 18
1 17
4 12
4 3
1 15
1 1
3 3
5 22
5 18
4 6
1 16
6 8
2 8
4 14
5 11
5 4
5 9
1 1
5 15
1 8
2 18
3 19
3 17
2 18
6 15
4 14
5 8
3 12
3 2
2 7
5 1
6 15
6 18
6 14
2 7
2 11
