1000
1 8
5 2
5 1
2 12
6 1
3 8
4 6
5 4
2 7
1 9
4 10
4 23
4 6
1 6
1 9
5 20
4 9
4 15
3 9
1 10
6 20
4 5
2 21
5 21
5 1
2 1
5 11
2 6
6 14
4 2
3 13
6 21
5 2
1 13
1 11
1 7
6 12
6 10
4 22
3 9
6 1
2 11
5 8
1 10
1 7
1 23
6 14
3 19
5 14
5 2
4 7
6 4
2 6
6 12
2 3
4 6
3 3
4 13
4 22
2 20
2 17
4 20
6 9
5 23
4 16
3 18
5 11
1 20
1 2
3 12
1 22
1 8
4 17
5 17
4 16
3 13
6 11
5 15
4 19
5 16
2 13
5 15
3 13
4 3
6 16
1 16
4 2
6 6
4 10
2 7
6 17
6 21
5 16
4 4
5 11
6 21
2 15
3 7
2 22
2 10
1 23
3 12
2 8
4 13
5 22
5 3
4 5
4 8
1 4
2 11
6 5
4 18
6 20
4 9
6 8
2 6
6 2
4 13
1 9
1 15
1 7
4 4
6 16
4 22
6 12
6 17
3 1
1 21
6 18
3 6
5 1
4 4
6 16
2 15
5 10
6 1
4 21
2 14
3 7
3 10
4 14
5 17
4 5
5 10
5 4
1 8
3 17
1 15
5 4
1 10
4 12
2 18
3 11
6 19
3 17
4 23
2 8
1 10
6 10
6 3
1 3
2 13
2 6
2 15
5 16
4 18
6 22
5 22
5 10
5 17
2 17
3 9
1 23
4 4
4 7
6 15
3 3
3 19
2 23
5 8
5 15
6 9
3 10
2 20
2 22
1 9
3 16
2 13
3 13
5 22
6 5
5 15
1 13
5 9
3 16
1 16
5 4
4 11
3 14
3 13
2 18
3 3
3 19
2 21
6 7
1 15
6 21
3 19
5 8
2 12
5 4
3 15
3 18
3 11
1 13
1 5
5 11
3 16
4 21
2 18
3 14
5 21
4 16
4 9
2 20
6 5
3 6
3 21
4 23
3 22
4 8
5 18
6 5
4 2
4 2
5 21
4 11
3 13
6 9
5 12
4 18
6 2
6 18
6 16
6 15
4 2
4 18
4 13
1 18
1 3
2 13
3 9
3 21
5 8
1 2
5 11
5 4
3 13
3 22
2 2
5 7
5 19
1 22
2 21
2 20
4 11
4 21
4 1
1 17
1 19
4 7
1 18
4 2
2 21
2 23
2 10
4 20
3 7
4 23
5 9
2 6
6 2
4 6
6 21
4 13
4 18
3 10
1 18
5 14
6 15
5 10
1 4
2 14
2 6
5 17
6 3
4 15
3 22
2 6
1 4
2 23
2 4
6 1
5 15
6 4
5 9
5 7
1 14
1 3
3 4
6 16
2 1
4 5
2 9
5 20
3 17
6 16
5 1
3 15
6 9
6 22
3 15
3 17
5 7
3 2
1 19
6 2
6 16
2 17
4 10
1 7
1 16
1 19
3 19
1 9
3 23
6 9
3 18
2 19
5 22
4 19
6 17
5 18
2 15
5 19
1 10
4 14
6 8
6 22
5 21
2 14
3 5
4 8
2 1
6 11
6 2
5 14
5 17
5 16
3 12
5 18
6 12
1 10
5 13
4 13
3 1
2 19
2 14
6 16
6 19
1 2
1 10
2 4
4 3
3 16
2 22
2 8
6 16
1 10
4 20
6 5
1 4
6 23
6 23
3 14
2 1
1 6
6 23
1 7
2 14
3 4
1 5
2 21
1 11
6 15
6 7
5 10
1 7
3 2
5 10
3 9
2 20
6 4
4 19
5 7
4 22
6 9
6 1
6 21
2 21
6 20
5 10
2 11
6 8
1 1
1 16
6 5
5 20
6 4
6 14
2 16
2 7
2 8
2 8
5 1
2 13
4 10
3 6
6 15
3 18
2 14
4 18
2 2
2 13
1 15
6 10
1 11
3 16
5 1
6 14
1 19
5 20
4 19
4 2
1 5
4 13
3 17
3 7
2 7
5 23
5 18
5 10
5 6
6 23
4 5
1 18
2 8
6 17
4 19
3 9
5 11
4 19
2 11
3 16
3 10
1 14
6 14
6 9
3 18
3 16
3 4
3 2
4 19
1 22
5 20
2 16
2 12
2 7
3 22
5 3
6 21
1 21
3 9
5 9
5 13
4 7
2 8
6 20
4 18
3 13
5 13
1 22
3 13
6 2
4 5
3 10
4 9
6 17
3 14
1 23
2 4
1 8
2 5
2 14
3 8
5 16
4 22
5 2
3 9
1 15
6 17
4 21
6 14
6 12
1 17
3 22
1 10
6 3
6 14
2 9
3 4
3 15
5 8
1 6
2 3
1 12
6 13
2 1
5 6
5 13
5 9
5 22
6 14
3 10
6 12
4 3
6 2
6 17
4 21
1 6
6 2
1 3
4 14
4 4
2 11
6 8
1 17
5 9
1 23
4 15
6 21
4 8
6 17
4 7
6 14
4 7
1 9
4 10
4 7
1 12
2 15
6 3
2 10
4 7
1 4
5 14
4 4
6 5
3 1
2 14
3 1
3 10
6 13
6 5
4 20
3 3
5 7
1 4
4 18
5 19
4 10
6 10
6 15
5 22
4 8
1 18
5 2
4 22
5 1
2 19
1 13
3 20
3 6
4 18
1 15
4 17
4 19
3 8
5 18
3 5
2 23
3 1
5 4
4 15
4 21
1 9
4 11
5 20
1 22
4 13
2 18
4 13
4 23
2 16
6 5
2 4
3 22
1 6
1 20
5 13
2 12
3 8
5 16
2 17
1 14
5 20
6 10
6 8
5 14
1 6
5 18
4 19
1 14
2 19
1 14
6 11
6 15
4 11
2 2
1 6
3 4
2 8
3 17
1 2
1 9
1 17
4 5
6 11
1 16
2 3
6 15
4 2
2 13
5 6
5 6
4 2
4 10
2 3
5 16
3 11
6 19
5 4
5 10
5 20
5 7
4 8
2 12
3 21
2 11
1 6
4 5
2 10
6 2
3 10
2 23
2 6
2 22
2 1
5 2
5 13
5 11
1 22
3 5
6 9
5 15
1 21
2 15
4 8
2 8
2 3
6 11
1 4
1 4
2 10
3 5
1 16
6 9
1 1
6 20
1 11
5 18
4 19
4 20
4 14
4 11
6 13
6 5
3 14
4 1
5 4
5 4
6 6
6 4
3 22
4 14
3 20
6 11
6 13
2 22
3 16
4 21
3 15
5 8
5 18
6 8
4 2
3 17
2 10
5 7
5 9
3 20
5 14
4 17
5 2
6 8
2 13
5 5
5 17
1 23
3 17
1 6
4 2
5 13
6 5
4 1
2 18
3 20
4 10
4 20
2 21
1 8
5 21
3 19
1 23
6 9
2 16
1 22
3 6
2 17
4 19
6 11
3 11
3 10
2 17
3 16
6 18
1 11
2 11
5 1
4 15
1 1
1 10
6 16
4 13
6 12
1 14
3 21
4 23
5 2
1 17
3 11
5 14
2 13
6 8
5 16
1 21
2 12
6 14
1 17
6 5
5 20
4 6
3 12
4 17
1 17
1 2
6 2
2 18
1 23
4 4
5 18
6 6
1 8
5 22
5 22
5 21
2 2
5 17
6 23
3 20
3 23
4 15
2 20
2 13
2 8
1 5
2 3
3 16
3 18
3 20
3 16
2 3
4 21
5 3
2 6
2 6
2 3
4 15
2 16
1 11
2 18
6 4
6 12
6 23
6 20
1 19
4 19
2 8
3 22
3 3
6 13
6 16
4 8
5 13
4 15
6 3
3 20
5 6
3 18
2 8
6 10
4 20
3 2
3 17
1 18
1 20
5 22
1 3
1 10
3 14
4 14
6 9
3 19
6 22
3 3
3 4
6 12
4 6
3 3
6 10
3 20
1 10
1 18
2 2
2 5
2 17
3 8
5 22
1 21
2 3
5 23
5 21
3 20
3 16
3 16
6 8
5 21
2 13
4 2
2 11
4 20
5 9
2 12
1 15
3 15
6 23
2 7
6 4
5 10
1 3
2 17
5 15
3 4
2 20
3 13
3 21
3 8
1 16
3 7
5 7
1 11
2 11
2 16
1 16
6 6
2 7
6 10
6 9
1 6
3 23
2 15
6 17
1 16
6 12
4 22
1 2
4 7
5 3
3 22
2 5
6 19
6 14
3 3
3 23
4 20
5 14
5 17
2 19
5 9
1 20
6 3
3 4
4 11
6 14
1 11
1 11
3 4
5 10
2 16
4 21
3 7
5 12
3 8
1 22
5 20
1 8
1 23
5 12
1 9
5 13
3 20
2 20
4 9
1 21
3 5
5 23
1 15
3 1
2 13
5 17
3 12
6 3
3 14
4 13
6 23
5 14
6 17
2 5
6 15
6 19
6 3
1 15
3 22
2 13
3 22
5 15
4 5
1 17
2 14
6 1
6 2
3 1
2 9
4 6
5 10
5 6
2 1
6 5
4 14
1 6
